---------------------------------------------------------------Iter:[1]:
    Current Node: []
    Node Tardiness: 1309
---------------------------------------------------------------Iter:[2]:
    Current Node: [31]
    Node Tardiness: 1309
---------------------------------------------------------------Iter:[3]:
    Current Node: [1, 31]
    Node Tardiness: 1266
---------------------------------------------------------------Iter:[4]:
    Current Node: [2, 1, 31]
    Node Tardiness: 1275
---------------------------------------------------------------Iter:[5]:
    Current Node: [5, 2, 1, 31]
    Node Tardiness: 1161
---------------------------------------------------------------Iter:[6]:
    Current Node: [24, 5, 2, 1, 31]
    Node Tardiness: 1161
---------------------------------------------------------------Iter:[7]:
    Current Node: [12, 24, 5, 2, 1, 31]
    Node Tardiness: 1173
---------------------------------------------------------------Iter:[8]:
    Current Node: [11, 12, 24, 5, 2, 1, 31]
    Node Tardiness: 1209
---------------------------------------------------------------Iter:[9]:
    Current Node: [25, 11, 12, 24, 5, 2, 1, 31]
    Node Tardiness: 1209
---------------------------------------------------------------Iter:[10]:
    Current Node: [15, 25, 11, 12, 24, 5, 2, 1, 31]
    Node Tardiness: 1239
---------------------------------------------------------------Iter:[11]:
    Current Node: [13, 15, 25, 11, 12, 24, 5, 2, 1, 31]
    Node Tardiness: 1263
---------------------------------------------------------------Iter:[12]:
    Current Node: [26, 13, 15, 25, 11, 12, 24, 5, 2, 1, 31]
    Node Tardiness: 1263
---------------------------------------------------------------Iter:[13]:
    Current Node: [16, 26, 13, 15, 25, 11, 12, 24, 5, 2, 1, 31]
    Node Tardiness: 1146
---------------------------------------------------------------Iter:[14]:
    Current Node: [14, 16, 26, 13, 15, 25, 11, 12, 24, 5, 2, 1, 31]
    Node Tardiness: 1030
---------------------------------------------------------------Iter:[15]:
    Current Node: [28, 14, 16, 26, 13, 15, 25, 11, 12, 24, 5, 2, 1, 31]
    Node Tardiness: 1028
---------------------------------------------------------------Iter:[16]:
    Current Node: [27, 28, 14, 16, 26, 13, 15, 25, 11, 12, 24, 5, 2, 1, 31]
    Node Tardiness: 1028
---------------------------------------------------------------Iter:[17]:
    Current Node: [17, 27, 28, 14, 16, 26, 13, 15, 25, 11, 12, 24, 5, 2, 1, 31]
    Node Tardiness: 1085
---------------------------------------------------------------Iter:[18]:
    Current Node: [6, 17, 27, 28, 14, 16, 26, 13, 15, 25, 11, 12, 24, 5, 2, 1, 31]
    Node Tardiness: 913
---------------------------------------------------------------Iter:[19]:
    Current Node: [29, 6, 17, 27, 28, 14, 16, 26, 13, 15, 25, 11, 12, 24, 5, 2, 1, 31]
    Node Tardiness: 913
---------------------------------------------------------------Iter:[20]:
    Current Node: [18, 29, 6, 17, 27, 28, 14, 16, 26, 13, 15, 25, 11, 12, 24, 5, 2, 1, 31]
    Node Tardiness: 833
---------------------------------------------------------------Iter:[21]:
    Current Node: [7, 18, 29, 6, 17, 27, 28, 14, 16, 26, 13, 15, 25, 11, 12, 24, 5, 2, 1, 31]
    Node Tardiness: 879
---------------------------------------------------------------Iter:[22]:
    Current Node: [21, 7, 18, 29, 6, 17, 27, 28, 14, 16, 26, 13, 15, 25, 11, 12, 24, 5, 2, 1, 31]
    Node Tardiness: 728
---------------------------------------------------------------Iter:[23]:
    Current Node: [19, 21, 7, 18, 29, 6, 17, 27, 28, 14, 16, 26, 13, 15, 25, 11, 12, 24, 5, 2, 1, 31]
    Node Tardiness: 590
---------------------------------------------------------------Iter:[24]:
    Current Node: [8, 19, 21, 7, 18, 29, 6, 17, 27, 28, 14, 16, 26, 13, 15, 25, 11, 12, 24, 5, 2, 1, 31]
    Node Tardiness: 602
---------------------------------------------------------------Iter:[25]:
    Current Node: [22, 8, 19, 21, 7, 18, 29, 6, 17, 27, 28, 14, 16, 26, 13, 15, 25, 11, 12, 24, 5, 2, 1, 31]
    Node Tardiness: 551
---------------------------------------------------------------Iter:[26]:
    Current Node: [20, 22, 8, 19, 21, 7, 18, 29, 6, 17, 27, 28, 14, 16, 26, 13, 15, 25, 11, 12, 24, 5, 2, 1, 31]
    Node Tardiness: 437
---------------------------------------------------------------Iter:[27]:
    Current Node: [9, 20, 22, 8, 19, 21, 7, 18, 29, 6, 17, 27, 28, 14, 16, 26, 13, 15, 25, 11, 12, 24, 5, 2, 1, 31]
    Node Tardiness: 437
---------------------------------------------------------------Iter:[28]:
    Current Node: [3, 9, 20, 22, 8, 19, 21, 7, 18, 29, 6, 17, 27, 28, 14, 16, 26, 13, 15, 25, 11, 12, 24, 5, 2, 1, 31]
    Node Tardiness: 198
---------------------------------------------------------------Iter:[29]:
    Current Node: [23, 3, 9, 20, 22, 8, 19, 21, 7, 18, 29, 6, 17, 27, 28, 14, 16, 26, 13, 15, 25, 11, 12, 24, 5, 2, 1, 31]
    Node Tardiness: 198
---------------------------------------------------------------Iter:[30]:
    Current Node: [10, 23, 3, 9, 20, 22, 8, 19, 21, 7, 18, 29, 6, 17, 27, 28, 14, 16, 26, 13, 15, 25, 11, 12, 24, 5, 2, 1, 31]
    Node Tardiness: 198
---------------------------------------------------------------Iter:[31]:
    Current Node: [4, 10, 23, 3, 9, 20, 22, 8, 19, 21, 7, 18, 29, 6, 17, 27, 28, 14, 16, 26, 13, 15, 25, 11, 12, 24, 5, 2, 1, 31]
    Node Tardiness: 0
