---------------------------------------------------------------Iter:[1]:
    Current Node: [31]
    Node Tardiness: 0
---------------------------------------------------------------Iter:[2]:
    Current Node: [1, 31]
    Node Tardiness: 70
---------------------------------------------------------------Iter:[3]:
    Current Node: [2, 1, 31]
    Node Tardiness: 226
---------------------------------------------------------------Iter:[4]:
    Current Node: [5, 2, 1, 31]
    Node Tardiness: 354
---------------------------------------------------------------Iter:[5]:
    Current Node: [12, 5, 2, 1, 31]
    Node Tardiness: 354
---------------------------------------------------------------Iter:[6]:
    Current Node: [13, 12, 5, 2, 1, 31]
    Node Tardiness: 354
---------------------------------------------------------------Iter:[7]:
    Current Node: [11, 13, 12, 5, 2, 1, 31]
    Node Tardiness: 354
---------------------------------------------------------------Iter:[8]:
    Current Node: [15, 11, 13, 12, 5, 2, 1, 31]
    Node Tardiness: 354
---------------------------------------------------------------Iter:[9]:
    Current Node: [24, 15, 11, 13, 12, 5, 2, 1, 31]
    Node Tardiness: 410
---------------------------------------------------------------Iter:[10]:
    Current Node: [25, 24, 15, 11, 13, 12, 5, 2, 1, 31]
    Node Tardiness: 410
---------------------------------------------------------------Iter:[11]:
    Current Node: [26, 25, 24, 15, 11, 13, 12, 5, 2, 1, 31]
    Node Tardiness: 410
---------------------------------------------------------------Iter:[12]:
    Current Node: [27, 26, 25, 24, 15, 11, 13, 12, 5, 2, 1, 31]
    Node Tardiness: 410
---------------------------------------------------------------Iter:[13]:
    Current Node: [28, 27, 26, 25, 24, 15, 11, 13, 12, 5, 2, 1, 31]
    Node Tardiness: 413
---------------------------------------------------------------Iter:[14]:
    Current Node: [29, 28, 27, 26, 25, 24, 15, 11, 13, 12, 5, 2, 1, 31]
    Node Tardiness: 413
---------------------------------------------------------------Iter:[15]:
    Current Node: [14, 29, 28, 27, 26, 25, 24, 15, 11, 13, 12, 5, 2, 1, 31]
    Node Tardiness: 470
---------------------------------------------------------------Iter:[16]:
    Current Node: [16, 14, 29, 28, 27, 26, 25, 24, 15, 11, 13, 12, 5, 2, 1, 31]
    Node Tardiness: 562
---------------------------------------------------------------Iter:[17]:
    Current Node: [17, 16, 14, 29, 28, 27, 26, 25, 24, 15, 11, 13, 12, 5, 2, 1, 31]
    Node Tardiness: 562
---------------------------------------------------------------Iter:[18]:
    Current Node: [18, 17, 16, 14, 29, 28, 27, 26, 25, 24, 15, 11, 13, 12, 5, 2, 1, 31]
    Node Tardiness: 585
---------------------------------------------------------------Iter:[19]:
    Current Node: [19, 18, 17, 16, 14, 29, 28, 27, 26, 25, 24, 15, 11, 13, 12, 5, 2, 1, 31]
    Node Tardiness: 585
---------------------------------------------------------------Iter:[20]:
    Current Node: [20, 19, 18, 17, 16, 14, 29, 28, 27, 26, 25, 24, 15, 11, 13, 12, 5, 2, 1, 31]
    Node Tardiness: 585
---------------------------------------------------------------Iter:[21]:
    Current Node: [21, 20, 19, 18, 17, 16, 14, 29, 28, 27, 26, 25, 24, 15, 11, 13, 12, 5, 2, 1, 31]
    Node Tardiness: 595
---------------------------------------------------------------Iter:[22]:
    Current Node: [22, 21, 20, 19, 18, 17, 16, 14, 29, 28, 27, 26, 25, 24, 15, 11, 13, 12, 5, 2, 1, 31]
    Node Tardiness: 595
---------------------------------------------------------------Iter:[23]:
    Current Node: [23, 22, 21, 20, 19, 18, 17, 16, 14, 29, 28, 27, 26, 25, 24, 15, 11, 13, 12, 5, 2, 1, 31]
    Node Tardiness: 595
---------------------------------------------------------------Iter:[24]:
    Current Node: [6, 23, 22, 21, 20, 19, 18, 17, 16, 14, 29, 28, 27, 26, 25, 24, 15, 11, 13, 12, 5, 2, 1, 31]
    Node Tardiness: 595
---------------------------------------------------------------Iter:[25]:
    Current Node: [7, 6, 23, 22, 21, 20, 19, 18, 17, 16, 14, 29, 28, 27, 26, 25, 24, 15, 11, 13, 12, 5, 2, 1, 31]
    Node Tardiness: 595
---------------------------------------------------------------Iter:[26]:
    Current Node: [8, 7, 6, 23, 22, 21, 20, 19, 18, 17, 16, 14, 29, 28, 27, 26, 25, 24, 15, 11, 13, 12, 5, 2, 1, 31]
    Node Tardiness: 595
---------------------------------------------------------------Iter:[27]:
    Current Node: [9, 8, 7, 6, 23, 22, 21, 20, 19, 18, 17, 16, 14, 29, 28, 27, 26, 25, 24, 15, 11, 13, 12, 5, 2, 1, 31]
    Node Tardiness: 595
---------------------------------------------------------------Iter:[28]:
    Current Node: [10, 9, 8, 7, 6, 23, 22, 21, 20, 19, 18, 17, 16, 14, 29, 28, 27, 26, 25, 24, 15, 11, 13, 12, 5, 2, 1, 31]
    Node Tardiness: 595
---------------------------------------------------------------Iter:[29]:
    Current Node: [3, 10, 9, 8, 7, 6, 23, 22, 21, 20, 19, 18, 17, 16, 14, 29, 28, 27, 26, 25, 24, 15, 11, 13, 12, 5, 2, 1, 31]
    Node Tardiness: 595
---------------------------------------------------------------Iter:[30]:
    Current Node: [4, 3, 10, 9, 8, 7, 6, 23, 22, 21, 20, 19, 18, 17, 16, 14, 29, 28, 27, 26, 25, 24, 15, 11, 13, 12, 5, 2, 1, 31]
    Node Tardiness: 595
---------------------------------------------------------------Iter:[31]:
    Current Node: [30, 4, 3, 10, 9, 8, 7, 6, 23, 22, 21, 20, 19, 18, 17, 16, 14, 29, 28, 27, 26, 25, 24, 15, 11, 13, 12, 5, 2, 1, 31]
    Node Tardiness: 595
---------------------------------------------------------------Iter:[32]:
    Current Node: [6, 17, 16, 14, 29, 28, 27, 26, 25, 24, 15, 11, 13, 12, 5, 2, 1, 31]
    Node Tardiness: 591
---------------------------------------------------------------Iter:[33]:
    Current Node: [7, 6, 17, 16, 14, 29, 28, 27, 26, 25, 24, 15, 11, 13, 12, 5, 2, 1, 31]
    Node Tardiness: 591
---------------------------------------------------------------Iter:[34]:
    Current Node: [18, 7, 6, 17, 16, 14, 29, 28, 27, 26, 25, 24, 15, 11, 13, 12, 5, 2, 1, 31]
    Node Tardiness: 591
---------------------------------------------------------------Iter:[35]:
    Current Node: [21, 18, 7, 6, 17, 16, 14, 29, 28, 27, 26, 25, 24, 15, 11, 13, 12, 5, 2, 1, 31]
    Node Tardiness: 591
---------------------------------------------------------------Iter:[36]:
    Current Node: [22, 21, 18, 7, 6, 17, 16, 14, 29, 28, 27, 26, 25, 24, 15, 11, 13, 12, 5, 2, 1, 31]
    Node Tardiness: 591
---------------------------------------------------------------Iter:[37]:
    Current Node: [23, 22, 21, 18, 7, 6, 17, 16, 14, 29, 28, 27, 26, 25, 24, 15, 11, 13, 12, 5, 2, 1, 31]
    Node Tardiness: 591
---------------------------------------------------------------Iter:[38]:
    Current Node: [19, 23, 22, 21, 18, 7, 6, 17, 16, 14, 29, 28, 27, 26, 25, 24, 15, 11, 13, 12, 5, 2, 1, 31]
    Node Tardiness: 591
---------------------------------------------------------------Iter:[39]:
    Current Node: [20, 19, 23, 22, 21, 18, 7, 6, 17, 16, 14, 29, 28, 27, 26, 25, 24, 15, 11, 13, 12, 5, 2, 1, 31]
    Node Tardiness: 591
---------------------------------------------------------------Iter:[40]:
    Current Node: [8, 20, 19, 23, 22, 21, 18, 7, 6, 17, 16, 14, 29, 28, 27, 26, 25, 24, 15, 11, 13, 12, 5, 2, 1, 31]
    Node Tardiness: 591
---------------------------------------------------------------Iter:[41]:
    Current Node: [9, 8, 20, 19, 23, 22, 21, 18, 7, 6, 17, 16, 14, 29, 28, 27, 26, 25, 24, 15, 11, 13, 12, 5, 2, 1, 31]
    Node Tardiness: 591
---------------------------------------------------------------Iter:[42]:
    Current Node: [10, 9, 8, 20, 19, 23, 22, 21, 18, 7, 6, 17, 16, 14, 29, 28, 27, 26, 25, 24, 15, 11, 13, 12, 5, 2, 1, 31]
    Node Tardiness: 591
---------------------------------------------------------------Iter:[43]:
    Current Node: [3, 10, 9, 8, 20, 19, 23, 22, 21, 18, 7, 6, 17, 16, 14, 29, 28, 27, 26, 25, 24, 15, 11, 13, 12, 5, 2, 1, 31]
    Node Tardiness: 591
---------------------------------------------------------------Iter:[44]:
    Current Node: [4, 3, 10, 9, 8, 20, 19, 23, 22, 21, 18, 7, 6, 17, 16, 14, 29, 28, 27, 26, 25, 24, 15, 11, 13, 12, 5, 2, 1, 31]
    Node Tardiness: 591
---------------------------------------------------------------Iter:[45]:
    Current Node: [30, 4, 3, 10, 9, 8, 20, 19, 23, 22, 21, 18, 7, 6, 17, 16, 14, 29, 28, 27, 26, 25, 24, 15, 11, 13, 12, 5, 2, 1, 31]
    Node Tardiness: 591
---------------------------------------------------------------Iter:[46]:
    Current Node: [16, 29, 28, 27, 26, 25, 24, 15, 11, 13, 12, 5, 2, 1, 31]
    Node Tardiness: 509
---------------------------------------------------------------Iter:[47]:
    Current Node: [17, 16, 29, 28, 27, 26, 25, 24, 15, 11, 13, 12, 5, 2, 1, 31]
    Node Tardiness: 509
---------------------------------------------------------------Iter:[48]:
    Current Node: [18, 17, 16, 29, 28, 27, 26, 25, 24, 15, 11, 13, 12, 5, 2, 1, 31]
    Node Tardiness: 536
---------------------------------------------------------------Iter:[49]:
    Current Node: [19, 18, 17, 16, 29, 28, 27, 26, 25, 24, 15, 11, 13, 12, 5, 2, 1, 31]
    Node Tardiness: 539
---------------------------------------------------------------Iter:[50]:
    Current Node: [20, 19, 18, 17, 16, 29, 28, 27, 26, 25, 24, 15, 11, 13, 12, 5, 2, 1, 31]
    Node Tardiness: 539
---------------------------------------------------------------Iter:[51]:
    Current Node: [14, 20, 19, 18, 17, 16, 29, 28, 27, 26, 25, 24, 15, 11, 13, 12, 5, 2, 1, 31]
    Node Tardiness: 551
---------------------------------------------------------------Iter:[52]:
    Current Node: [21, 14, 20, 19, 18, 17, 16, 29, 28, 27, 26, 25, 24, 15, 11, 13, 12, 5, 2, 1, 31]
    Node Tardiness: 561
---------------------------------------------------------------Iter:[53]:
    Current Node: [22, 21, 14, 20, 19, 18, 17, 16, 29, 28, 27, 26, 25, 24, 15, 11, 13, 12, 5, 2, 1, 31]
    Node Tardiness: 561
---------------------------------------------------------------Iter:[54]:
    Current Node: [23, 22, 21, 14, 20, 19, 18, 17, 16, 29, 28, 27, 26, 25, 24, 15, 11, 13, 12, 5, 2, 1, 31]
    Node Tardiness: 561
---------------------------------------------------------------Iter:[55]:
    Current Node: [6, 23, 22, 21, 14, 20, 19, 18, 17, 16, 29, 28, 27, 26, 25, 24, 15, 11, 13, 12, 5, 2, 1, 31]
    Node Tardiness: 561
---------------------------------------------------------------Iter:[56]:
    Current Node: [7, 6, 23, 22, 21, 14, 20, 19, 18, 17, 16, 29, 28, 27, 26, 25, 24, 15, 11, 13, 12, 5, 2, 1, 31]
    Node Tardiness: 561
---------------------------------------------------------------Iter:[57]:
    Current Node: [8, 7, 6, 23, 22, 21, 14, 20, 19, 18, 17, 16, 29, 28, 27, 26, 25, 24, 15, 11, 13, 12, 5, 2, 1, 31]
    Node Tardiness: 561
---------------------------------------------------------------Iter:[58]:
    Current Node: [9, 8, 7, 6, 23, 22, 21, 14, 20, 19, 18, 17, 16, 29, 28, 27, 26, 25, 24, 15, 11, 13, 12, 5, 2, 1, 31]
    Node Tardiness: 561
---------------------------------------------------------------Iter:[59]:
    Current Node: [10, 9, 8, 7, 6, 23, 22, 21, 14, 20, 19, 18, 17, 16, 29, 28, 27, 26, 25, 24, 15, 11, 13, 12, 5, 2, 1, 31]
    Node Tardiness: 561
---------------------------------------------------------------Iter:[60]:
    Current Node: [3, 10, 9, 8, 7, 6, 23, 22, 21, 14, 20, 19, 18, 17, 16, 29, 28, 27, 26, 25, 24, 15, 11, 13, 12, 5, 2, 1, 31]
    Node Tardiness: 561
---------------------------------------------------------------Iter:[61]:
    Current Node: [4, 3, 10, 9, 8, 7, 6, 23, 22, 21, 14, 20, 19, 18, 17, 16, 29, 28, 27, 26, 25, 24, 15, 11, 13, 12, 5, 2, 1, 31]
    Node Tardiness: 561
---------------------------------------------------------------Iter:[62]:
    Current Node: [30, 4, 3, 10, 9, 8, 7, 6, 23, 22, 21, 14, 20, 19, 18, 17, 16, 29, 28, 27, 26, 25, 24, 15, 11, 13, 12, 5, 2, 1, 31]
    Node Tardiness: 561
---------------------------------------------------------------Iter:[63]:
    Current Node: [21, 20, 19, 18, 17, 16, 29, 28, 27, 26, 25, 24, 15, 11, 13, 12, 5, 2, 1, 31]
    Node Tardiness: 553
---------------------------------------------------------------Iter:[64]:
    Current Node: [22, 21, 20, 19, 18, 17, 16, 29, 28, 27, 26, 25, 24, 15, 11, 13, 12, 5, 2, 1, 31]
    Node Tardiness: 553
---------------------------------------------------------------Iter:[65]:
    Current Node: [23, 22, 21, 20, 19, 18, 17, 16, 29, 28, 27, 26, 25, 24, 15, 11, 13, 12, 5, 2, 1, 31]
    Node Tardiness: 553
---------------------------------------------------------------Iter:[66]:
    Current Node: [14, 23, 22, 21, 20, 19, 18, 17, 16, 29, 28, 27, 26, 25, 24, 15, 11, 13, 12, 5, 2, 1, 31]
    Node Tardiness: 553
---------------------------------------------------------------Iter:[67]:
    Current Node: [6, 14, 23, 22, 21, 20, 19, 18, 17, 16, 29, 28, 27, 26, 25, 24, 15, 11, 13, 12, 5, 2, 1, 31]
    Node Tardiness: 553
---------------------------------------------------------------Iter:[68]:
    Current Node: [7, 6, 14, 23, 22, 21, 20, 19, 18, 17, 16, 29, 28, 27, 26, 25, 24, 15, 11, 13, 12, 5, 2, 1, 31]
    Node Tardiness: 553
---------------------------------------------------------------Iter:[69]:
    Current Node: [8, 7, 6, 14, 23, 22, 21, 20, 19, 18, 17, 16, 29, 28, 27, 26, 25, 24, 15, 11, 13, 12, 5, 2, 1, 31]
    Node Tardiness: 553
---------------------------------------------------------------Iter:[70]:
    Current Node: [9, 8, 7, 6, 14, 23, 22, 21, 20, 19, 18, 17, 16, 29, 28, 27, 26, 25, 24, 15, 11, 13, 12, 5, 2, 1, 31]
    Node Tardiness: 553
---------------------------------------------------------------Iter:[71]:
    Current Node: [10, 9, 8, 7, 6, 14, 23, 22, 21, 20, 19, 18, 17, 16, 29, 28, 27, 26, 25, 24, 15, 11, 13, 12, 5, 2, 1, 31]
    Node Tardiness: 553
---------------------------------------------------------------Iter:[72]:
    Current Node: [3, 10, 9, 8, 7, 6, 14, 23, 22, 21, 20, 19, 18, 17, 16, 29, 28, 27, 26, 25, 24, 15, 11, 13, 12, 5, 2, 1, 31]
    Node Tardiness: 553
---------------------------------------------------------------Iter:[73]:
    Current Node: [4, 3, 10, 9, 8, 7, 6, 14, 23, 22, 21, 20, 19, 18, 17, 16, 29, 28, 27, 26, 25, 24, 15, 11, 13, 12, 5, 2, 1, 31]
    Node Tardiness: 553
---------------------------------------------------------------Iter:[74]:
    Current Node: [30, 4, 3, 10, 9, 8, 7, 6, 14, 23, 22, 21, 20, 19, 18, 17, 16, 29, 28, 27, 26, 25, 24, 15, 11, 13, 12, 5, 2, 1, 31]
    Node Tardiness: 553
---------------------------------------------------------------Iter:[75]:
    Current Node: [14, 17, 16, 29, 28, 27, 26, 25, 24, 15, 11, 13, 12, 5, 2, 1, 31]
    Node Tardiness: 540
---------------------------------------------------------------Iter:[76]:
    Current Node: [6, 17, 16, 29, 28, 27, 26, 25, 24, 15, 11, 13, 12, 5, 2, 1, 31]
    Node Tardiness: 542
---------------------------------------------------------------Iter:[77]:
    Current Node: [7, 6, 17, 16, 29, 28, 27, 26, 25, 24, 15, 11, 13, 12, 5, 2, 1, 31]
    Node Tardiness: 542
---------------------------------------------------------------Iter:[78]:
    Current Node: [8, 7, 6, 17, 16, 29, 28, 27, 26, 25, 24, 15, 11, 13, 12, 5, 2, 1, 31]
    Node Tardiness: 542
---------------------------------------------------------------Iter:[79]:
    Current Node: [18, 8, 7, 6, 17, 16, 29, 28, 27, 26, 25, 24, 15, 11, 13, 12, 5, 2, 1, 31]
    Node Tardiness: 542
---------------------------------------------------------------Iter:[80]:
    Current Node: [21, 18, 8, 7, 6, 17, 16, 29, 28, 27, 26, 25, 24, 15, 11, 13, 12, 5, 2, 1, 31]
    Node Tardiness: 542
---------------------------------------------------------------Iter:[81]:
    Current Node: [22, 21, 18, 8, 7, 6, 17, 16, 29, 28, 27, 26, 25, 24, 15, 11, 13, 12, 5, 2, 1, 31]
    Node Tardiness: 542
---------------------------------------------------------------Iter:[82]:
    Current Node: [23, 22, 21, 18, 8, 7, 6, 17, 16, 29, 28, 27, 26, 25, 24, 15, 11, 13, 12, 5, 2, 1, 31]
    Node Tardiness: 542
---------------------------------------------------------------Iter:[83]:
    Current Node: [19, 23, 22, 21, 18, 8, 7, 6, 17, 16, 29, 28, 27, 26, 25, 24, 15, 11, 13, 12, 5, 2, 1, 31]
    Node Tardiness: 542
---------------------------------------------------------------Iter:[84]:
    Current Node: [20, 19, 23, 22, 21, 18, 8, 7, 6, 17, 16, 29, 28, 27, 26, 25, 24, 15, 11, 13, 12, 5, 2, 1, 31]
    Node Tardiness: 542
---------------------------------------------------------------Iter:[85]:
    Current Node: [14, 20, 19, 23, 22, 21, 18, 8, 7, 6, 17, 16, 29, 28, 27, 26, 25, 24, 15, 11, 13, 12, 5, 2, 1, 31]
    Node Tardiness: 542
---------------------------------------------------------------Iter:[86]:
    Current Node: [9, 14, 20, 19, 23, 22, 21, 18, 8, 7, 6, 17, 16, 29, 28, 27, 26, 25, 24, 15, 11, 13, 12, 5, 2, 1, 31]
    Node Tardiness: 542
---------------------------------------------------------------Iter:[87]:
    Current Node: [10, 9, 14, 20, 19, 23, 22, 21, 18, 8, 7, 6, 17, 16, 29, 28, 27, 26, 25, 24, 15, 11, 13, 12, 5, 2, 1, 31]
    Node Tardiness: 542
---------------------------------------------------------------Iter:[88]:
    Current Node: [3, 10, 9, 14, 20, 19, 23, 22, 21, 18, 8, 7, 6, 17, 16, 29, 28, 27, 26, 25, 24, 15, 11, 13, 12, 5, 2, 1, 31]
    Node Tardiness: 542
---------------------------------------------------------------Iter:[89]:
    Current Node: [4, 3, 10, 9, 14, 20, 19, 23, 22, 21, 18, 8, 7, 6, 17, 16, 29, 28, 27, 26, 25, 24, 15, 11, 13, 12, 5, 2, 1, 31]
    Node Tardiness: 542
---------------------------------------------------------------Iter:[90]:
    Current Node: [30, 4, 3, 10, 9, 14, 20, 19, 23, 22, 21, 18, 8, 7, 6, 17, 16, 29, 28, 27, 26, 25, 24, 15, 11, 13, 12, 5, 2, 1, 31]
    Node Tardiness: 542
---------------------------------------------------------------Iter:[91]:
    Current Node: [14, 28, 27, 26, 25, 24, 15, 11, 13, 12, 5, 2, 1, 31]
    Node Tardiness: 483
---------------------------------------------------------------Iter:[92]:
    Current Node: [16, 28, 27, 26, 25, 24, 15, 11, 13, 12, 5, 2, 1, 31]
    Node Tardiness: 522
---------------------------------------------------------------Iter:[93]:
    Current Node: [17, 16, 28, 27, 26, 25, 24, 15, 11, 13, 12, 5, 2, 1, 31]
    Node Tardiness: 522
---------------------------------------------------------------Iter:[94]:
    Current Node: [14, 27, 26, 25, 24, 15, 11, 13, 12, 5, 2, 1, 31]
    Node Tardiness: 484
---------------------------------------------------------------Iter:[95]:
    Current Node: [16, 27, 26, 25, 24, 15, 11, 13, 12, 5, 2, 1, 31]
    Node Tardiness: 523
---------------------------------------------------------------Iter:[96]:
    Current Node: [17, 16, 27, 26, 25, 24, 15, 11, 13, 12, 5, 2, 1, 31]
    Node Tardiness: 523
---------------------------------------------------------------Iter:[97]:
    Current Node: [28, 26, 25, 24, 15, 11, 13, 12, 5, 2, 1, 31]
    Node Tardiness: 415
---------------------------------------------------------------Iter:[98]:
    Current Node: [29, 28, 26, 25, 24, 15, 11, 13, 12, 5, 2, 1, 31]
    Node Tardiness: 415
---------------------------------------------------------------Iter:[99]:
    Current Node: [14, 29, 28, 26, 25, 24, 15, 11, 13, 12, 5, 2, 1, 31]
    Node Tardiness: 474
---------------------------------------------------------------Iter:[100]:
    Current Node: [16, 29, 28, 26, 25, 24, 15, 11, 13, 12, 5, 2, 1, 31]
    Node Tardiness: 513
---------------------------------------------------------------Iter:[101]:
    Current Node: [17, 16, 29, 28, 26, 25, 24, 15, 11, 13, 12, 5, 2, 1, 31]
    Node Tardiness: 513
---------------------------------------------------------------Iter:[102]:
    Current Node: [14, 28, 26, 25, 24, 15, 11, 13, 12, 5, 2, 1, 31]
    Node Tardiness: 487
---------------------------------------------------------------Iter:[103]:
    Current Node: [16, 28, 26, 25, 24, 15, 11, 13, 12, 5, 2, 1, 31]
    Node Tardiness: 526
---------------------------------------------------------------Iter:[104]:
    Current Node: [17, 16, 28, 26, 25, 24, 15, 11, 13, 12, 5, 2, 1, 31]
    Node Tardiness: 526
---------------------------------------------------------------Iter:[105]:
    Current Node: [14, 26, 25, 24, 15, 11, 13, 12, 5, 2, 1, 31]
    Node Tardiness: 486
---------------------------------------------------------------Iter:[106]:
    Current Node: [16, 26, 25, 24, 15, 11, 13, 12, 5, 2, 1, 31]
    Node Tardiness: 525
---------------------------------------------------------------Iter:[107]:
    Current Node: [28, 16, 26, 25, 24, 15, 11, 13, 12, 5, 2, 1, 31]
    Node Tardiness: 525
---------------------------------------------------------------Iter:[108]:
    Current Node: [17, 28, 16, 26, 25, 24, 15, 11, 13, 12, 5, 2, 1, 31]
    Node Tardiness: 525
---------------------------------------------------------------Iter:[109]:
    Current Node: [17, 16, 26, 25, 24, 15, 11, 13, 12, 5, 2, 1, 31]
    Node Tardiness: 525
---------------------------------------------------------------Iter:[110]:
    Current Node: [14, 25, 24, 15, 11, 13, 12, 5, 2, 1, 31]
    Node Tardiness: 503
---------------------------------------------------------------Iter:[111]:
    Current Node: [14, 24, 15, 11, 13, 12, 5, 2, 1, 31]
    Node Tardiness: 528
---------------------------------------------------------------Iter:[112]:
    Current Node: [14, 15, 11, 13, 12, 5, 2, 1, 31]
    Node Tardiness: 478
---------------------------------------------------------------Iter:[113]:
    Current Node: [16, 15, 11, 13, 12, 5, 2, 1, 31]
    Node Tardiness: 517
---------------------------------------------------------------Iter:[114]:
    Current Node: [17, 16, 15, 11, 13, 12, 5, 2, 1, 31]
    Node Tardiness: 517
---------------------------------------------------------------Iter:[115]:
    Current Node: [24, 11, 13, 12, 5, 2, 1, 31]
    Node Tardiness: 416
---------------------------------------------------------------Iter:[116]:
    Current Node: [25, 24, 11, 13, 12, 5, 2, 1, 31]
    Node Tardiness: 416
---------------------------------------------------------------Iter:[117]:
    Current Node: [26, 25, 24, 11, 13, 12, 5, 2, 1, 31]
    Node Tardiness: 416
---------------------------------------------------------------Iter:[118]:
    Current Node: [27, 26, 25, 24, 11, 13, 12, 5, 2, 1, 31]
    Node Tardiness: 416
---------------------------------------------------------------Iter:[119]:
    Current Node: [28, 27, 26, 25, 24, 11, 13, 12, 5, 2, 1, 31]
    Node Tardiness: 425
---------------------------------------------------------------Iter:[120]:
    Current Node: [29, 28, 27, 26, 25, 24, 11, 13, 12, 5, 2, 1, 31]
    Node Tardiness: 425
---------------------------------------------------------------Iter:[121]:
    Current Node: [14, 29, 28, 27, 26, 25, 24, 11, 13, 12, 5, 2, 1, 31]
    Node Tardiness: 488
---------------------------------------------------------------Iter:[122]:
    Current Node: [14, 28, 27, 26, 25, 24, 11, 13, 12, 5, 2, 1, 31]
    Node Tardiness: 501
---------------------------------------------------------------Iter:[123]:
    Current Node: [14, 27, 26, 25, 24, 11, 13, 12, 5, 2, 1, 31]
    Node Tardiness: 496
---------------------------------------------------------------Iter:[124]:
    Current Node: [28, 26, 25, 24, 11, 13, 12, 5, 2, 1, 31]
    Node Tardiness: 427
---------------------------------------------------------------Iter:[125]:
    Current Node: [29, 28, 26, 25, 24, 11, 13, 12, 5, 2, 1, 31]
    Node Tardiness: 427
---------------------------------------------------------------Iter:[126]:
    Current Node: [14, 29, 28, 26, 25, 24, 11, 13, 12, 5, 2, 1, 31]
    Node Tardiness: 492
---------------------------------------------------------------Iter:[127]:
    Current Node: [14, 28, 26, 25, 24, 11, 13, 12, 5, 2, 1, 31]
    Node Tardiness: 505
---------------------------------------------------------------Iter:[128]:
    Current Node: [14, 26, 25, 24, 11, 13, 12, 5, 2, 1, 31]
    Node Tardiness: 498
---------------------------------------------------------------Iter:[129]:
    Current Node: [14, 25, 24, 11, 13, 12, 5, 2, 1, 31]
    Node Tardiness: 515
---------------------------------------------------------------Iter:[130]:
    Current Node: [14, 24, 11, 13, 12, 5, 2, 1, 31]
    Node Tardiness: 540
---------------------------------------------------------------Iter:[131]:
    Current Node: [14, 11, 13, 12, 5, 2, 1, 31]
    Node Tardiness: 484
---------------------------------------------------------------Iter:[132]:
    Current Node: [24, 13, 12, 5, 2, 1, 31]
    Node Tardiness: 422
---------------------------------------------------------------Iter:[133]:
    Current Node: [25, 24, 13, 12, 5, 2, 1, 31]
    Node Tardiness: 422
---------------------------------------------------------------Iter:[134]:
    Current Node: [26, 25, 24, 13, 12, 5, 2, 1, 31]
    Node Tardiness: 422
---------------------------------------------------------------Iter:[135]:
    Current Node: [27, 26, 25, 24, 13, 12, 5, 2, 1, 31]
    Node Tardiness: 422
---------------------------------------------------------------Iter:[136]:
    Current Node: [28, 27, 26, 25, 24, 13, 12, 5, 2, 1, 31]
    Node Tardiness: 437
---------------------------------------------------------------Iter:[137]:
    Current Node: [29, 28, 27, 26, 25, 24, 13, 12, 5, 2, 1, 31]
    Node Tardiness: 437
---------------------------------------------------------------Iter:[138]:
    Current Node: [14, 29, 28, 27, 26, 25, 24, 13, 12, 5, 2, 1, 31]
    Node Tardiness: 506
---------------------------------------------------------------Iter:[139]:
    Current Node: [14, 28, 27, 26, 25, 24, 13, 12, 5, 2, 1, 31]
    Node Tardiness: 519
---------------------------------------------------------------Iter:[140]:
    Current Node: [14, 27, 26, 25, 24, 13, 12, 5, 2, 1, 31]
    Node Tardiness: 508
---------------------------------------------------------------Iter:[141]:
    Current Node: [28, 26, 25, 24, 13, 12, 5, 2, 1, 31]
    Node Tardiness: 439
---------------------------------------------------------------Iter:[142]:
    Current Node: [29, 28, 26, 25, 24, 13, 12, 5, 2, 1, 31]
    Node Tardiness: 439
---------------------------------------------------------------Iter:[143]:
    Current Node: [14, 29, 28, 26, 25, 24, 13, 12, 5, 2, 1, 31]
    Node Tardiness: 510
---------------------------------------------------------------Iter:[144]:
    Current Node: [14, 28, 26, 25, 24, 13, 12, 5, 2, 1, 31]
    Node Tardiness: 523
---------------------------------------------------------------Iter:[145]:
    Current Node: [14, 26, 25, 24, 13, 12, 5, 2, 1, 31]
    Node Tardiness: 510
---------------------------------------------------------------Iter:[146]:
    Current Node: [14, 25, 24, 13, 12, 5, 2, 1, 31]
    Node Tardiness: 527
---------------------------------------------------------------Iter:[147]:
    Current Node: [14, 13, 12, 5, 2, 1, 31]
    Node Tardiness: 490
---------------------------------------------------------------Iter:[148]:
    Current Node: [11, 12, 5, 2, 1, 31]
    Node Tardiness: 354
---------------------------------------------------------------Iter:[149]:
    Current Node: [15, 11, 12, 5, 2, 1, 31]
    Node Tardiness: 354
---------------------------------------------------------------Iter:[150]:
    Current Node: [24, 15, 11, 12, 5, 2, 1, 31]
    Node Tardiness: 414
---------------------------------------------------------------Iter:[151]:
    Current Node: [25, 24, 15, 11, 12, 5, 2, 1, 31]
    Node Tardiness: 414
---------------------------------------------------------------Iter:[152]:
    Current Node: [26, 25, 24, 15, 11, 12, 5, 2, 1, 31]
    Node Tardiness: 414
---------------------------------------------------------------Iter:[153]:
    Current Node: [27, 26, 25, 24, 15, 11, 12, 5, 2, 1, 31]
    Node Tardiness: 414
---------------------------------------------------------------Iter:[154]:
    Current Node: [28, 27, 26, 25, 24, 15, 11, 12, 5, 2, 1, 31]
    Node Tardiness: 421
---------------------------------------------------------------Iter:[155]:
    Current Node: [29, 28, 27, 26, 25, 24, 15, 11, 12, 5, 2, 1, 31]
    Node Tardiness: 421
---------------------------------------------------------------Iter:[156]:
    Current Node: [16, 29, 28, 27, 26, 25, 24, 15, 11, 12, 5, 2, 1, 31]
    Node Tardiness: 521
---------------------------------------------------------------Iter:[157]:
    Current Node: [17, 16, 29, 28, 27, 26, 25, 24, 15, 11, 12, 5, 2, 1, 31]
    Node Tardiness: 521
---------------------------------------------------------------Iter:[158]:
    Current Node: [16, 28, 27, 26, 25, 24, 15, 11, 12, 5, 2, 1, 31]
    Node Tardiness: 534
---------------------------------------------------------------Iter:[159]:
    Current Node: [17, 16, 28, 27, 26, 25, 24, 15, 11, 12, 5, 2, 1, 31]
    Node Tardiness: 534
---------------------------------------------------------------Iter:[160]:
    Current Node: [16, 27, 26, 25, 24, 15, 11, 12, 5, 2, 1, 31]
    Node Tardiness: 531
---------------------------------------------------------------Iter:[161]:
    Current Node: [28, 16, 27, 26, 25, 24, 15, 11, 12, 5, 2, 1, 31]
    Node Tardiness: 531
---------------------------------------------------------------Iter:[162]:
    Current Node: [17, 28, 16, 27, 26, 25, 24, 15, 11, 12, 5, 2, 1, 31]
    Node Tardiness: 531
---------------------------------------------------------------Iter:[163]:
    Current Node: [17, 16, 27, 26, 25, 24, 15, 11, 12, 5, 2, 1, 31]
    Node Tardiness: 531
---------------------------------------------------------------Iter:[164]:
    Current Node: [28, 26, 25, 24, 15, 11, 12, 5, 2, 1, 31]
    Node Tardiness: 423
---------------------------------------------------------------Iter:[165]:
    Current Node: [29, 28, 26, 25, 24, 15, 11, 12, 5, 2, 1, 31]
    Node Tardiness: 423
---------------------------------------------------------------Iter:[166]:
    Current Node: [16, 29, 28, 26, 25, 24, 15, 11, 12, 5, 2, 1, 31]
    Node Tardiness: 525
---------------------------------------------------------------Iter:[167]:
    Current Node: [17, 16, 29, 28, 26, 25, 24, 15, 11, 12, 5, 2, 1, 31]
    Node Tardiness: 525
---------------------------------------------------------------Iter:[168]:
    Current Node: [16, 28, 26, 25, 24, 15, 11, 12, 5, 2, 1, 31]
    Node Tardiness: 538
---------------------------------------------------------------Iter:[169]:
    Current Node: [17, 16, 28, 26, 25, 24, 15, 11, 12, 5, 2, 1, 31]
    Node Tardiness: 538
---------------------------------------------------------------Iter:[170]:
    Current Node: [16, 26, 25, 24, 15, 11, 12, 5, 2, 1, 31]
    Node Tardiness: 533
---------------------------------------------------------------Iter:[171]:
    Current Node: [28, 16, 26, 25, 24, 15, 11, 12, 5, 2, 1, 31]
    Node Tardiness: 533
---------------------------------------------------------------Iter:[172]:
    Current Node: [17, 28, 16, 26, 25, 24, 15, 11, 12, 5, 2, 1, 31]
    Node Tardiness: 533
---------------------------------------------------------------Iter:[173]:
    Current Node: [17, 16, 26, 25, 24, 15, 11, 12, 5, 2, 1, 31]
    Node Tardiness: 533
---------------------------------------------------------------Iter:[174]:
    Current Node: [16, 15, 11, 12, 5, 2, 1, 31]
    Node Tardiness: 521
---------------------------------------------------------------Iter:[175]:
    Current Node: [17, 16, 15, 11, 12, 5, 2, 1, 31]
    Node Tardiness: 521
---------------------------------------------------------------Iter:[176]:
    Current Node: [24, 11, 12, 5, 2, 1, 31]
    Node Tardiness: 420
---------------------------------------------------------------Iter:[177]:
    Current Node: [25, 24, 11, 12, 5, 2, 1, 31]
    Node Tardiness: 420
---------------------------------------------------------------Iter:[178]:
    Current Node: [26, 25, 24, 11, 12, 5, 2, 1, 31]
    Node Tardiness: 420
---------------------------------------------------------------Iter:[179]:
    Current Node: [27, 26, 25, 24, 11, 12, 5, 2, 1, 31]
    Node Tardiness: 420
---------------------------------------------------------------Iter:[180]:
    Current Node: [28, 27, 26, 25, 24, 11, 12, 5, 2, 1, 31]
    Node Tardiness: 433
---------------------------------------------------------------Iter:[181]:
    Current Node: [29, 28, 27, 26, 25, 24, 11, 12, 5, 2, 1, 31]
    Node Tardiness: 433
---------------------------------------------------------------Iter:[182]:
    Current Node: [28, 26, 25, 24, 11, 12, 5, 2, 1, 31]
    Node Tardiness: 435
---------------------------------------------------------------Iter:[183]:
    Current Node: [29, 28, 26, 25, 24, 11, 12, 5, 2, 1, 31]
    Node Tardiness: 435
---------------------------------------------------------------Iter:[184]:
    Current Node: [24, 12, 5, 2, 1, 31]
    Node Tardiness: 426
---------------------------------------------------------------Iter:[185]:
    Current Node: [25, 24, 12, 5, 2, 1, 31]
    Node Tardiness: 426
---------------------------------------------------------------Iter:[186]:
    Current Node: [26, 25, 24, 12, 5, 2, 1, 31]
    Node Tardiness: 426
---------------------------------------------------------------Iter:[187]:
    Current Node: [27, 26, 25, 24, 12, 5, 2, 1, 31]
    Node Tardiness: 426
---------------------------------------------------------------Iter:[188]:
    Current Node: [28, 27, 26, 25, 24, 12, 5, 2, 1, 31]
    Node Tardiness: 445
---------------------------------------------------------------Iter:[189]:
    Current Node: [29, 28, 27, 26, 25, 24, 12, 5, 2, 1, 31]
    Node Tardiness: 445
---------------------------------------------------------------Iter:[190]:
    Current Node: [28, 26, 25, 24, 12, 5, 2, 1, 31]
    Node Tardiness: 447
---------------------------------------------------------------Iter:[191]:
    Current Node: [29, 28, 26, 25, 24, 12, 5, 2, 1, 31]
    Node Tardiness: 447
---------------------------------------------------------------Iter:[192]:
    Current Node: [11, 5, 2, 1, 31]
    Node Tardiness: 354
---------------------------------------------------------------Iter:[193]:
    Current Node: [15, 11, 5, 2, 1, 31]
    Node Tardiness: 354
---------------------------------------------------------------Iter:[194]:
    Current Node: [24, 15, 11, 5, 2, 1, 31]
    Node Tardiness: 416
---------------------------------------------------------------Iter:[195]:
    Current Node: [25, 24, 15, 11, 5, 2, 1, 31]
    Node Tardiness: 416
---------------------------------------------------------------Iter:[196]:
    Current Node: [26, 25, 24, 15, 11, 5, 2, 1, 31]
    Node Tardiness: 416
---------------------------------------------------------------Iter:[197]:
    Current Node: [27, 26, 25, 24, 15, 11, 5, 2, 1, 31]
    Node Tardiness: 416
---------------------------------------------------------------Iter:[198]:
    Current Node: [28, 27, 26, 25, 24, 15, 11, 5, 2, 1, 31]
    Node Tardiness: 425
---------------------------------------------------------------Iter:[199]:
    Current Node: [29, 28, 27, 26, 25, 24, 15, 11, 5, 2, 1, 31]
    Node Tardiness: 425
---------------------------------------------------------------Iter:[200]:
    Current Node: [16, 29, 28, 27, 26, 25, 24, 15, 11, 5, 2, 1, 31]
    Node Tardiness: 527
---------------------------------------------------------------Iter:[201]:
    Current Node: [17, 16, 29, 28, 27, 26, 25, 24, 15, 11, 5, 2, 1, 31]
    Node Tardiness: 527
---------------------------------------------------------------Iter:[202]:
    Current Node: [16, 28, 27, 26, 25, 24, 15, 11, 5, 2, 1, 31]
    Node Tardiness: 540
---------------------------------------------------------------Iter:[203]:
    Current Node: [17, 16, 28, 27, 26, 25, 24, 15, 11, 5, 2, 1, 31]
    Node Tardiness: 540
---------------------------------------------------------------Iter:[204]:
    Current Node: [16, 27, 26, 25, 24, 15, 11, 5, 2, 1, 31]
    Node Tardiness: 535
---------------------------------------------------------------Iter:[205]:
    Current Node: [28, 16, 27, 26, 25, 24, 15, 11, 5, 2, 1, 31]
    Node Tardiness: 535
---------------------------------------------------------------Iter:[206]:
    Current Node: [17, 28, 16, 27, 26, 25, 24, 15, 11, 5, 2, 1, 31]
    Node Tardiness: 535
---------------------------------------------------------------Iter:[207]:
    Current Node: [17, 16, 27, 26, 25, 24, 15, 11, 5, 2, 1, 31]
    Node Tardiness: 535
---------------------------------------------------------------Iter:[208]:
    Current Node: [28, 26, 25, 24, 15, 11, 5, 2, 1, 31]
    Node Tardiness: 427
---------------------------------------------------------------Iter:[209]:
    Current Node: [29, 28, 26, 25, 24, 15, 11, 5, 2, 1, 31]
    Node Tardiness: 427
---------------------------------------------------------------Iter:[210]:
    Current Node: [16, 29, 28, 26, 25, 24, 15, 11, 5, 2, 1, 31]
    Node Tardiness: 531
---------------------------------------------------------------Iter:[211]:
    Current Node: [17, 16, 29, 28, 26, 25, 24, 15, 11, 5, 2, 1, 31]
    Node Tardiness: 531
---------------------------------------------------------------Iter:[212]:
    Current Node: [16, 26, 25, 24, 15, 11, 5, 2, 1, 31]
    Node Tardiness: 537
---------------------------------------------------------------Iter:[213]:
    Current Node: [28, 16, 26, 25, 24, 15, 11, 5, 2, 1, 31]
    Node Tardiness: 537
---------------------------------------------------------------Iter:[214]:
    Current Node: [17, 28, 16, 26, 25, 24, 15, 11, 5, 2, 1, 31]
    Node Tardiness: 537
---------------------------------------------------------------Iter:[215]:
    Current Node: [17, 16, 26, 25, 24, 15, 11, 5, 2, 1, 31]
    Node Tardiness: 537
---------------------------------------------------------------Iter:[216]:
    Current Node: [16, 15, 11, 5, 2, 1, 31]
    Node Tardiness: 523
---------------------------------------------------------------Iter:[217]:
    Current Node: [17, 16, 15, 11, 5, 2, 1, 31]
    Node Tardiness: 523
---------------------------------------------------------------Iter:[218]:
    Current Node: [24, 11, 5, 2, 1, 31]
    Node Tardiness: 422
---------------------------------------------------------------Iter:[219]:
    Current Node: [25, 24, 11, 5, 2, 1, 31]
    Node Tardiness: 422
---------------------------------------------------------------Iter:[220]:
    Current Node: [26, 25, 24, 11, 5, 2, 1, 31]
    Node Tardiness: 422
---------------------------------------------------------------Iter:[221]:
    Current Node: [27, 26, 25, 24, 11, 5, 2, 1, 31]
    Node Tardiness: 422
---------------------------------------------------------------Iter:[222]:
    Current Node: [28, 27, 26, 25, 24, 11, 5, 2, 1, 31]
    Node Tardiness: 437
---------------------------------------------------------------Iter:[223]:
    Current Node: [29, 28, 27, 26, 25, 24, 11, 5, 2, 1, 31]
    Node Tardiness: 437
---------------------------------------------------------------Iter:[224]:
    Current Node: [28, 26, 25, 24, 11, 5, 2, 1, 31]
    Node Tardiness: 439
---------------------------------------------------------------Iter:[225]:
    Current Node: [29, 28, 26, 25, 24, 11, 5, 2, 1, 31]
    Node Tardiness: 439
---------------------------------------------------------------Iter:[226]:
    Current Node: [24, 5, 2, 1, 31]
    Node Tardiness: 428
---------------------------------------------------------------Iter:[227]:
    Current Node: [25, 24, 5, 2, 1, 31]
    Node Tardiness: 428
---------------------------------------------------------------Iter:[228]:
    Current Node: [26, 25, 24, 5, 2, 1, 31]
    Node Tardiness: 428
---------------------------------------------------------------Iter:[229]:
    Current Node: [27, 26, 25, 24, 5, 2, 1, 31]
    Node Tardiness: 428
---------------------------------------------------------------Iter:[230]:
    Current Node: [28, 27, 26, 25, 24, 5, 2, 1, 31]
    Node Tardiness: 449
---------------------------------------------------------------Iter:[231]:
    Current Node: [29, 28, 27, 26, 25, 24, 5, 2, 1, 31]
    Node Tardiness: 449
---------------------------------------------------------------Iter:[232]:
    Current Node: [28, 26, 25, 24, 5, 2, 1, 31]
    Node Tardiness: 451
---------------------------------------------------------------Iter:[233]:
    Current Node: [29, 28, 26, 25, 24, 5, 2, 1, 31]
    Node Tardiness: 451
